LightGBM: 0.33359089802440833
XGBoost: 0.33269128042559576
CatBoost: 0.33371782154999585
